9
11,37,44,61,80,85,92
14,24,28,58,59,64,70
26,50,54,60,84,90,94
3,4,8,18,20,22,23,32,33,38,49,55,56,65,79,83,88,96,98,99
1,6,12,15,19,35,36,40,47,53,57,62,63,67,68,72,73,78,89,91
16,39,42,43,45,52,66,74,81,86,93,95,97
0,7,10,17,21,25,29,46,48,71,77,87
9,27,30,41,51,75,76
2,5,13,31,34,69,82
11,15,19,35,37,40,44,61,62,73,78,80,85,89,92
3,4,8,18,20,26,32,38,50,54,55,56,60,65,79,84,90,94,98,99
16,36,43,45,57,72,74,81,86
9,27,30,41,51,75,76
1,6,12,22,23,33,47,49,53,63,67,68,83,88,91,96
14,24,28,58,59,64,70
29,46,71,77,87
2,5,13,31,34,39,42,52,66,69,82,93,95,97
0,7,10,17,21,25,48